EYESAT-1 (AO-27)        
1 22825U 93061C   17010.47979837 -.00000007  00000-0  14955-4 0  9997
2 22825  98.7901 334.3179 0009477  73.9120 286.3105 14.29982499214867
CUTE-1 (CO-55)          
1 27844U 03031E   17009.97178200  .00000072  00000-0  52104-4 0  9998
2 27844  98.6912  21.2728 0010774  85.7529 274.4879 14.22007452701836
CUBESAT XI-IV (CO-57)   
1 27848U 03031J   17010.70310397  .00000049  00000-0  42290-4 0  9999
2 27848  98.7007  22.1832 0010704  91.9651 268.2752 14.21626347701829
CUBESAT XI 5            
1 28895U 05043F   17010.42821366  .00000165  00000-0  40574-4 0  9991
2 28895  97.8453 180.1643 0015588 283.8499  76.0970 14.63325789597416
CUTE-1.7+APD II (CO-65) 
1 32785U 08021C   17010.53317620  .00000277  00000-0  36075-4 0  9993
2 32785  97.5819  41.8854 0012463 336.8613  23.2041 14.87772267471456
COMPASS-1               
1 32787U 08021E   17010.52971713  .00000537  00000-0  57740-4 0  9994
2 32787  97.5792  49.7487 0011415 308.4128  51.6066 14.92385281471981
AAUSAT-II               
1 32788U 08021F   17010.07722664  .00000501  00000-0  52555-4 0  9994
2 32788  97.5791  51.8709 0010724 303.0950  56.9240 14.93634283472071
DELFI-C3 (DO-64)        
1 32789U 08021G   17010.13994747  .00000952  00000-0  72693-4 0  9990
2 32789  97.5810  71.5868 0011343 280.0148  79.9798 15.04271506473106
CANX-2                  
1 32790U 08021H   17009.81203317  .00000243  00000-0  32442-4 0  9992
2 32790  97.5788  39.6856 0013256 340.5856  19.4854 14.87512065471295
SEEDS II (CO-66)        
1 32791U 08021J   17010.03989652  .00000487  00000-0  55905-4 0  9991
2 32791  97.5811  45.2737 0012554 324.0750  35.9624 14.90056361471591
SWISSCUBE               
1 35932U 09051B   17010.82993654  .00000132  00000-0  40903-4 0  9998
2 35932  98.4725 146.7473 0007889  23.4865 336.6691 14.55941916387424
BEESAT                  
1 35933U 09051C   17010.21114846  .00000115  00000-0  36809-4 0  9991
2 35933  98.4757 147.3326 0006405  40.0763 320.0905 14.56069586387430
ITUPSAT 1               
1 35935U 09051E   17009.83713207  .00000097  00000-0  33473-4 0  9998
2 35935  98.4868 147.2041 0008598  31.6261 328.5450 14.55269598387175
TISAT 1                 
1 36799U 10035E   17010.76284974  .00000390  00000-0  46325-4 0  9995
2 36799  98.0455 130.5152 0013698 121.8393 238.4159 14.90183949352345
M-CUBED & EXP-1 PRIME   
1 37855U 11061F   17010.39571050  .00002196  00000-0  12366-3 0  9995
2 37855 101.7158 161.6679 0183024 187.1951 172.6627 15.02373087283098
HORYU 2                 
1 38340U 12025D   17010.80311725  .00000249  00000-0  44908-4 0  9998
2 38340  98.3707   9.2382 0012880  74.0617 286.2009 14.75227486250080
STRAND-1                
1 39090U 13009E   17009.52907990  .00000052  00000-0  33878-4 0  9992
2 39090  98.5654 216.3185 0010107  54.5578 305.6549 14.34942373202724
BRITE-AUSTRIA           
1 39091U 13009F   17009.82926443  .00000036  00000-0  28062-4 0  9991
2 39091  98.5613 216.0588 0011492  60.7309 299.5023 14.35010537202775
UNIBRITE                
1 39092U 13009G   17010.16338316  .00000031  00000-0  26466-4 0  9998
2 39092  98.5619 216.0994 0010289  53.9658 306.2479 14.34883275202819
AIST-2                  
1 39133U 13015D   17010.73406113  .00000177  00000-0  25305-4 0  9997
2 39133  64.8738  63.0984 0028408 308.5267  51.3306 15.04146826204618
SOMP                    
1 39134U 13015E   17010.77337294  .00001814  00000-0  10043-3 0  9996
2 39134  64.8700  14.2635 0023555 308.6303  51.2714 15.17117025205592
BEESAT-2                
1 39136U 13015G   17009.46654077  .00001390  00000-0  85044-4 0  9996
2 39136  64.8702  27.0449 0023982 303.3539  56.5290 15.14540933205231
NEE-01 PEGASUS          
1 39151U 13018B   17010.67435215  .00000185  00000-0  31705-4 0  9998
2 39151  97.9898 103.1813 0016897 195.5982 164.4711 14.79625200200246
CUBEBUG-1 (CAPITAN BETO)
1 39153U 13018D   17010.71284737  .00000240  00000-0  38672-4 0  9998
2 39153  97.9913 103.8487 0016860 193.9943 166.0803 14.80072716200294
ESTCUBE 1               
1 39161U 13021C   17010.75148929  .00000198  00000-0  39734-4 0  9999
2 39161  98.0389  98.7601 0008342 290.2704  69.7599 14.71812700197598
POPACS 1                
1 39268U 13055D   17010.85004311  .00002728  00000-0  79947-4 0  9992
2 39268  81.0037 172.1237 0658683 320.4531  35.0286 14.28993923169703
POPACS 2                
1 39269U 13055E   17009.79492653  .00003633  00000-0  10812-3 0  9995
2 39269  81.0150 185.1554 0705849 355.0190   4.4194 14.18703248168837
POPACS 3                
1 39270U 13055F   17010.18209983  .00002551  00000-0  80673-4 0  9995
2 39270  81.0138 191.1880 0728879  14.0102 348.0142 14.12381319168461
PHONESAT 2.4            
1 39381U 13064B   17010.77559155  .00246162  31396-4  45528-3 0  9995
2 39381  40.4810 155.8252 0011185  12.2895 347.8212 16.00186061177645
FIREFLY                 
1 39404U 13064AA  17009.89892880  .00019152  00000-0  19069-3 0  9999
2 39404  40.5014 214.7634 0005049 325.7676  34.2822 15.65152185172771
ZACUBE-1 (TSHEPISOSAT)  
1 39417U 13066B   17010.83586959  .00000248  00000-0  37860-4 0  9994
2 39417  97.6525  60.5266 0060766  65.2219 295.5300 14.80595376169496
WNISAT-1                
1 39423U 13066H   17010.75821976  .00000090  00000-0  27581-4 0  9997
2 39423  97.6718  12.2739 0174946 210.1078 148.9962 14.52789697166375
TRITON-1                
1 39427U 13066M   17010.53814514  .00000231  00000-0  44886-4 0  9991
2 39427  97.6484  36.3874 0115606 133.2423 227.8504 14.67356926167925
GOMX 1                  
1 39430U 13066Q   17010.75818504  .00000182  00000-0  42114-4 0  9999
2 39430  97.6628  21.8378 0152138 179.7013 180.4306 14.58765730166984
BRITE-PL                
1 39431U 13066R   17010.16065844  .00000092  00000-0  30313-4 0  9994
2 39431  97.6896   2.0979 0201491 244.8337 113.1841 14.46797965165595
HUMSAT-D                
1 39433U 13066T   17010.17578238  .00000499  00000-0  55408-4 0  9996
2 39433  97.6743  77.8163 0031793  24.8440 335.4301 14.91208986170462
EAGLE 2                 
1 39436U 13066W   17010.47118454  .00013154  00000-0  45405-3 0  9999
2 39436  97.7097 109.7236 0011901 279.7230  80.2665 15.30034270172480
CUBEBUG-2 (LO-74)       
1 39440U 13066AA  17010.83526263  .00000226  00000-0  38632-4 0  9996
2 39440  97.6483  50.9718 0082370  90.8442 270.2207 14.75343561168897
NEE-02 KRYSAOR          
1 39441U 13066AB  17010.07676927  .00000169  00000-0  31131-4 0  9999
2 39441  97.6462  49.1965 0083718  96.0727 265.0029 14.74539139168688
FUNCUBE-1 (AO-73)       
1 39444U 13066AE  17009.60849999  .00000307  00000-0  44616-4 0  9996
2 39444  97.6542  60.2095 0059943  66.5865 294.1636 14.81303657168135
UWE-3                   
1 39446U 13066AG  17009.58575593  .00000241  00000-0  38957-4 0  9999
2 39446  97.6495  54.3239 0072030  82.1979 278.7402 14.77872552167778
BRITE-TORONTO           
1 40020U 14033L   17010.61388836  .00000049  00000-0  16883-4 0  9992
2 40020  97.8586 248.2368 0088968 107.8569 253.2364 14.66341563137004
DUCHIFAT-1              
1 40021U 14033M   17010.72933026  .00000391  00000-0  46764-4 0  9993
2 40021  97.9247 283.6294 0014533  98.4700 261.8165 14.89676819139152
FLOCK 1C-10             
1 40023U 14033P   17010.70020794  .00000593  00000-0  69934-4 0  9990
2 40023  97.9287 282.8878 0014059 102.5914 257.6898 14.88418175139079
NANOSATC-BR1            
1 40024U 14033Q   17010.72888853  .00000344  00000-0  42556-4 0  9996
2 40024  97.9214 282.7523 0013798  98.9648 261.3131 14.89033007139112
QB50P1                  
1 40025U 14033R   17010.69329873  .00000324  00000-0  41135-4 0  9995
2 40025  97.9202 281.9799 0013967 101.2493 259.0294 14.88271271139064
FLOCK 1C-7              
1 40026U 14033S   17010.72705986  .00001062  00000-0  11838-3 0  9999
2 40026  97.9300 283.4305 0012491  98.7616 261.5034 14.89146351139119
FLOCK 1C-1              
1 40027U 14033T   17010.54142785  .00000900  00000-0  10275-3 0  9996
2 40027  97.9286 282.9082 0013882 100.3373 259.9380 14.88524355139066
POPSAT-HIP-1            
1 40028U 14033U   17010.77861407  .00000288  00000-0  37280-4 0  9996
2 40028  97.9227 282.2919 0015289  98.4357 261.8613 14.88145328139066
FLOCK 1C-2              
1 40029U 14033V   17010.70576337  .00000651  00000-0  75989-4 0  9997
2 40029  97.9293 282.9468 0015326  96.4297 263.8691 14.88502584139079
FLOCK 1C-4              
1 40031U 14033X   17010.70948710  .00000526  00000-0  62717-4 0  9994
2 40031  97.9295 282.9597 0015681  95.3711 264.9328 14.88426102139069
QB50P2                  
1 40032U 14033Y   17009.68534111  .00000310  00000-0  40009-4 0  9997
2 40032  97.9181 280.2495 0013387  99.2280 261.0451 14.87831639138874
FLOCK 1C-11             
1 40033U 14033Z   17010.72608205  .00001094  00000-0  11956-3 0  9999
2 40033  97.9298 283.9663 0013255  89.2499 271.0283 14.89889759139149
ANTELSAT                
1 40034U 14033AA  17010.27987623  .00000255  00000-0  45759-4 0  9991
2 40034  97.8799 258.9026 0060537  80.7163 280.0885 14.73582749137675
FLOCK 1C-9              
1 40035U 14033AB  17010.69990228  .00000638  00000-0  74557-4 0  9996
2 40035  97.9317 283.2317 0013231  89.5630 270.7120 14.88550262139077
FLOCK 1C-6              
1 40036U 14033AC  17010.73195180  .00001012  00000-0  11444-3 0  9998
2 40036  97.9314 283.4263 0013175  90.0228 270.2514 14.88657765139094
PERSEUS-M2              
1 40037U 14033AD  17010.51366817  .00000124  00000-0  20408-4 0  9996
2 40037  97.9213 279.9981 0015881 100.8535 259.4468 14.86158360138896
FLOCK 1C-5              
1 40038U 14033AE  17010.67207508  .00000978  00000-0  11072-3 0  9998
2 40038  97.9303 283.2091 0015493  90.6892 269.6110 14.88667368139071
PERSEUS-M1              
1 40039U 14033AF  17010.20426098  .00000121  00000-0  20194-4 0  9991
2 40039  97.9223 279.3289 0015742  97.8196 262.4807 14.85783868138828
FLOCK 1C-8              
1 40040U 14033AG  17010.73113384  .00001171  00000-0  12545-3 0  9998
2 40040  97.9336 284.8303 0014159  80.2654 280.0192 14.90566371139175
FLOCK 1C-3              
1 40041U 14033AH  17010.33282474  .00001012  00000-0  11521-3 0  9999
2 40041  97.9316 282.7062 0014233  88.7840 271.4981 14.88353182139009
POLYITAN-1              
1 40042U 14033AJ  17010.76080340  .00000400  00000-0  49783-4 0  9997
2 40042  97.9275 281.9799 0016262  89.9289 270.3790 14.87876063139010
TIGRISAT                
1 40043U 14033AK  17010.20348048  .00000167  00000-0  32391-4 0  9996
2 40043  97.8780 259.4306 0061687  82.5756 278.2456 14.73895479137565
LEMUR-1                 
1 40044U 14033AL  17010.50538893  .00000177  00000-0  34044-4 0  9997
2 40044  97.8779 259.5158 0060838  82.5712 278.2404 14.73719070137609
AEROCUBE 6A             
1 40045U 14033AM  17010.65727149  .00000416  00000-0  68174-4 0  9995
2 40045  97.8873 260.6260 0059778  77.0259 283.7616 14.74658260137507
AEROCUBE 6B             
1 40046U 14033AN  17010.18237155  .00000447  00000-0  72730-4 0  9994
2 40046  97.8868 260.1087 0059020  78.1628 282.6192 14.74656345137572
UKUBE-1                 
1 40074U 14037F   17010.72400764  .00000413  00000-0  57563-4 0  9997
2 40074  98.3375 118.7216 0004377 183.9441 176.1743 14.83342793135832
BRITE-PL 2              
1 40119U 14049B   17010.44690166  .00000121  00000-0  21138-4 0  9991
2 40119  97.9470  97.1285 0016402 241.7199 118.2361 14.84059033129765
FIREBIRD 4              
1 40378U 15003C   17010.73179857  .00002901  00000-0  12865-3 0  9994
2 40378  99.1067 163.5668 0139622 163.3144 197.2746 15.14361441107178
GRIFEX                  
1 40379U 15003D   17010.67382781  .00002364  00000-0  11113-3 0  9998
2 40379  99.1077 161.9223 0144676 169.1928 191.2464 15.12165679107071
EXOCUBE                 
1 40380U 15003E   17010.38067957  .00002284  00000-0  11084-3 0  9991
2 40380  99.1105 160.6554 0147880 172.9333 187.4025 15.10809974106968
DEORBITSAIL             
1 40719U 15032E   17010.16282686  .00000484  00000-0  77937-4 0  9993
2 40719  97.9973 265.7459 0015512 294.4450  65.5141 14.75868184 81011
TIANWANG 1C (TW-1C)     
1 40926U 15051B   17010.77490880  .00007182  00000-0  18064-3 0  9995
2 40926  97.2515  51.6601 0013897  27.7066  84.0832 15.40150012 72673
TIANWANG 1B (TW-1B)     
1 40927U 15051C   17010.86650670  .00006941  00000-0  18074-3 0  9994
2 40927  97.2608  51.8302 0013455  36.4048  80.7932 15.39105682 72657
TIANWANG 1A (TW-1A)     
1 40928U 15051D   17010.76765337  .00002824  00000-0  85699-4 0  9995
2 40928  97.2480  49.3781 0014693  48.9294  41.7103 15.34828689 72544
LEMUR-2-JOEL            
1 40932U 15052C   17010.18881202  .00000860  00000-0  29547-4 0  9995
2 40932   6.0058 276.0751 0013372 182.6792 177.3520 14.77359902 69601
LEMUR-2-CHRIS           
1 40933U 15052D   17010.40917574  .00000357  00000-0 -39434-4 0  9991
2 40933   6.0053 273.6166 0013625 186.1126 173.8836 14.77503793 69645
LEMUR-2-JEROEN          
1 40934U 15052E   17010.17223322  .00000080  00000-0 -77651-4 0  9993
2 40934   6.0115 279.3039 0010527 168.3624 191.6608 14.76808721 69542
LEMUR-2-PETER           
1 40935U 15052F   17010.16794257  .00000335  00000-0 -42238-4 0  9999
2 40935   6.0042 280.3089 0009808 167.9110 192.1273 14.76590619 69542
EXACTVIEW 9             
1 40936U 15052G   17010.18905903  .00000904  00000-0  38022-4 0  9991
2 40936   6.0050 281.6363 0009901 161.7263 198.2771 14.76179045 69542
ATHENOXAT 1             
1 41168U 15077C   17010.85816862  .00002386  00000-0  99701-4 0  9992
2 41168  14.9860 238.2900 0012282 356.1621  99.9646 15.10969484 59209
GALASSIA                
1 41170U 15077E   17010.15698180  .00002083  00000-0  80486-4 0  9993
2 41170  14.9880 240.7032 0013731   2.1094 357.9284 15.11530816 59120
VELOX 2                 
1 41171U 15077F   17010.30262971  .00001627  00000-0  58832-4 0  9999
2 41171  14.9907 247.7678 0009320 328.8718  31.1050 15.09444637 59072
AGGIESAT 4              
1 41313U 98067HP  17010.50275808  .00013072  00000-0  12632-3 0  9996
2 41313  51.6391  87.9283 0003463 272.2072  87.8527 15.66822096 54151
BEVO 2                  
1 41314U 98067HQ  17010.55502222  .00032791  00000-0  21133-3 0  9990
2 41314  51.6297  78.2665 0003094 295.7929  64.2751 15.75833351 54081
HORYU-IV                
1 41340U 16012D   17010.19652527  .00000675  00000-0  45633-4 0  9991
2 41340  31.0063  33.4652 0014246 308.6999  51.2362 15.00391417 49262
OUFTI-1                 
1 41458U 16025C   17010.50641940  .00001440  00000-0  81697-4 0  9998
2 41458  98.2009  38.9896 0177977  95.8706 266.2832 15.02366864 38896
E-ST@R-II               
1 41459U 16025D   17010.51374628  .00001327  00000-0  75439-4 0  9997
2 41459  98.2035  38.9770 0179379  96.3013 265.8674 15.02278337 38898
AAUSAT 4                
1 41460U 16025E   17010.78922814  .00002162  00000-0  12060-3 0  9992
2 41460  98.1977  39.3102 0173122  94.3223 267.7780 15.02893824 38948
DIWATA-1                
1 41463U 98067HT  17010.85143727  .00007343  00000-0  97369-4 0  9999
2 41463  51.6425  97.5652 0000272   3.3628 103.4482 15.59409482 40227
MINXSS                  
1 41474U 98067HU  17009.83157320  .00050226  00000-0  36147-3 0  9995
2 41474  51.6428  92.4929 0001667 264.2401  95.8408 15.73074125 37270
CADRE                   
1 41475U 98067HV  17003.74787607  .12518598  12537-4  55989-3 0  9998
2 41475  51.6110 110.0165 0004040 312.3134  47.7551 16.43344525 36494
STMSAT-1                
1 41476U 98067HW  17010.59862888  .00043019  00000-0  28825-3 0  9990
2 41476  51.6369  87.7838 0001142 287.6455  72.4419 15.74807158 37317
NODES 2                 
1 41477U 98067HX  17010.48417443  .00021865  00000-0  20302-3 0  9999
2 41477  51.6372  93.0438 0001245 212.9109 147.1810 15.67370020 37230
NODES 1                 
1 41478U 98067HY  17010.62314160  .00021120  00000-0  19753-3 0  9990
2 41478  51.6372  92.4699 0001183 213.0970 146.9952 15.67214809 37250
FLOCK 2E'-1             
1 41479U 98067HZ  17010.77419162  .00013547  00000-0  15267-3 0  9995
2 41479  51.6411  94.8144 0001698  37.1818  48.0294 15.62867748 37198
FLOCK 2E'-3             
1 41480U 98067JA  17010.74482935  .00013352  00000-0  14921-3 0  9992
2 41480  51.6408  94.6469 0001959  85.0407 353.8700 15.63099773 37195
FLOCK 2E'-2             
1 41481U 98067JB  17010.64558177  .00018835  00000-0  20405-3 0  9999
2 41481  51.6408  94.5715 0002009  30.9175 119.0282 15.63588695 37167
FLOCK 2E'-4             
1 41482U 98067JC  17010.66611236  .00019635  00000-0  20865-3 0  9997
2 41482  51.6408  94.6981 0001272  94.2071  58.8061 15.64051322 37161
FLOCK 2E-1              
1 41483U 98067JD  17010.77399457  .00013706  00000-0  15528-3 0  9991
2 41483  51.6417  94.8410 0002111 137.9978 307.6126 15.62719074 37042
FLOCK 2E-2              
1 41484U 98067JE  17010.63097031  .00024428  00000-0  26384-3 0  9995
2 41484  51.6429  95.2750 0002027 154.5807 348.9323 15.63484350 37022
LEMUR-2-THERESACONDOR   
1 41485U 98067JF  17010.60237172  .00094736  00000-0  54219-3 0  9992
2 41485  51.6389  86.7481 0002499 338.1843 163.0461 15.78064615 37097
FLOCK 2E-3              
1 41486U 98067JG  17010.66005978  .00012681  00000-0  14788-3 0  9992
2 41486  51.6413  96.1900 0002152 186.6410 323.5015 15.62049713 37047
FLOCK 2E-4              
1 41487U 98067JH  17010.66649685  .00018430  00000-0  20591-3 0  9999
2 41487  51.6410  95.4619 0002047 192.1032 320.3774 15.62813102 37058
LEMUR-2-NICK-ALLAIN     
1 41488U 98067JJ  17010.77649457  .00085701  00000-0  51889-3 0  9998
2 41488  51.6394  86.5285 0002412 341.2065 111.5768 15.76838890 37115
LEMUR-2-KANE            
1 41489U 98067JK  17010.62524578  .00068852  00000-0  41839-3 0  9991
2 41489  51.6403  86.9049 0001493 335.6711 172.0276 15.76845556 36349
LEMUR-2-JEFF            
1 41490U 98067JL  17010.58637795  .00110417  00000-0  57252-3 0  9995
2 41490  51.6384  85.8814 0002137 357.4527 143.4296 15.80187237 37109
FLOCK 2E-6              
1 41563U 98067JM  17009.76563867  .00017331  00000-0  20089-3 0  9991
2 41563  51.6401 100.8481 0001844  22.4547  56.6686 15.61908405 34969
FLOCK 2E-5              
1 41564U 98067JN  17010.67315556  .00012689  00000-0  14876-3 0  9992
2 41564  51.6412  96.2608 0001845  28.6083 125.0587 15.61908960 35097
FLOCK 2E-7              
1 41565U 98067JP  17010.64031795  .00017635  00000-0  19303-3 0  9996
2 41565  51.6410  95.2879 0002979 240.1705 269.8434 15.63375444 35002
FLOCK 2E-8              
1 41566U 98067JQ  17010.46707672  .00035286  00000-0  29140-3 0  9993
2 41566  51.6382  92.7365 0002411 239.8075 208.7293 15.69957828 35013
FLOCK 2E'-5             
1 41567U 98067JR  17010.65780541  .00010646  00000-0  12866-3 0  9991
2 41567  51.6417  96.9128 0003358 262.0979 248.7573 15.61319665 34958
FLOCK 2E'-6             
1 41568U 98067JS  17010.64724137  .00013976  00000-0  16085-3 0  9996
2 41568  51.6400  96.0883 0003084 264.7345 242.3195 15.62289158 34990
FLOCK 2E'-8             
1 41569U 98067JT  17010.80798705  .00016218  00000-0  17704-3 0  9998
2 41569  51.6413  94.2840 0000962 168.0514 284.7051 15.63515895 34918
FLOCK 2E'-7             
1 41570U 98067JU  17010.63684049  .00018578  00000-0  19277-3 0  9994
2 41570  51.6411  94.5443 0002128 166.5906 338.6712 15.64700602 34910
FLOCK 2E-9              
1 41571U 98067JV  17010.66821093  .00016269  00000-0  17477-3 0  9995
2 41571  51.6417  94.7280 0002608 248.7990 264.7994 15.63925931 34876
FLOCK 2E-10             
1 41572U 98067JW  17010.65424677  .00013825  00000-0  15505-3 0  9997
2 41572  51.6417  95.3883 0003127 247.5444 263.3259 15.62969022 34867
FLOCK 2E-12             
1 41573U 98067JX  17010.64650096  .00018440  00000-0  20291-3 0  9999
2 41573  51.6400  95.3416 0002545 266.6124 240.6552 15.63203330 34860
FLOCK 2E-11             
1 41574U 98067JY  17010.71717870  .00016206  00000-0  17631-3 0  9994
2 41574  51.6401  94.4488 0003357 270.5805 162.3500 15.63602750 34887
FLOCK 2E'-9             
1 41575U 98067JZ  17010.66284818  .00017055  00000-0  18337-3 0  9997
2 41575  51.6396  94.6616 0003484 289.2438 223.4685 15.63861341 34860
FLOCK 2E'-10            
1 41576U 98067KA  17010.64506685  .00016189  00000-0  17780-3 0  9993
2 41576  51.6412  95.3454 0003394 284.6153 222.2043 15.63360664 34756
FLOCK 2E'-11            
1 41577U 98067KB  17010.76030304  .00014076  00000-0  15642-3 0  9995
2 41577  51.6422  94.7506 0003742 263.8407 178.0691 15.63188731 34599
FLOCK 2E'-12            
1 41578U 98067KC  17010.66102397  .00023019  00000-0  24753-3 0  9997
2 41578  51.6396  95.4187 0004045 238.6016 272.3633 15.63630244 34579
LEMUR-2-DRMUZZ          
1 41595U 16019B   17009.81263469  .00031448  00000-0  23980-3 0  9992
2 41595  51.6391  92.3067 0003105  65.4625 294.6696 15.71928368 31674
LEMUR-2-BRIDGEMAN       
1 41596U 16019C   17010.58291256  .00098501  00000-0  40733-3 0  9992
2 41596  51.6347  81.5944 0003479  32.8540 327.2679 15.85060281 31869
LEMUR-2-CUBECHEESE      
1 41597U 16019D   17010.17552267  .00100168  00000-0  45877-3 0  9997
2 41597  51.6347  84.8962 0003648  18.0832 342.0300 15.82901306 31803
LEMUR-2-NATE            
1 41598U 16019E   17010.59103546  .00102767  00000-0  42127-3 0  9998
2 41598  51.6324  81.6507 0003852  13.0533 347.0570 15.85223724 31885
FLOCK 2P-6              
1 41606U 16040H   17010.60503537  .00003276  00000-0  15025-3 0  9990
2 41606  97.4817  74.4912 0009787 264.0797  95.9324 15.21116609 30746
FLOCK 2P-11             
1 41608U 16040K   17010.80877921  .00003029  00000-0  13918-3 0  9990
2 41608  97.4812  74.6724 0009879 264.3798  95.6311 15.21118440 30717
FLOCK 2P-2              
1 41609U 16040L   17010.62058140  .00001071  00000-0  51496-4 0  9994
2 41609  97.4814  74.4768 0009932 264.4034  95.6068 15.20954982 30661
FLOCK 2P-9              
1 41610U 16040M   17010.82510072  .00002708  00000-0  12559-3 0  9999
2 41610  97.4815  74.6571 0009945 264.0213  95.9889 15.20884296 30571
FLOCK 2P-4              
1 41611U 16040N   17010.60036650  .00003214  00000-0  14744-3 0  9992
2 41611  97.4839  74.5586 0010099 274.7938  85.2144 15.21118387 30700
FLOCK 2P-10             
1 41612U 16040P   17010.77295290  .00003180  00000-0  14622-3 0  9995
2 41612  97.4844  74.7960 0009888 274.2397  85.7709 15.21048136 30732
FLOCK 2P-8              
1 41613U 16040Q   17010.59361304  .00003419  00000-0  15686-3 0  9992
2 41613  97.4841  74.5694 0009955 274.1125  85.8973 15.21075260 30704
FLOCK 2P-12             
1 41614U 16040R   17010.82126899  .00002854  00000-0  13071-3 0  9995
2 41614  97.4848  74.9014 0009545 273.0099  87.0044 15.21283355 30748
FLOCK 2P-7              
1 41615U 16040S   17010.58895906  .00003193  00000-0  14664-3 0  9997
2 41615  97.4838  74.5695 0009891 275.8738  84.1370 15.21094673 30702
FLOCK 2P-5              
1 41616U 16040T   17010.83028730  .00001327  00000-0  62708-4 0  9999
2 41616  97.4844  74.8881 0009620 273.1015  86.9119 15.21151896 30723
FLOCK 2P-1              
1 41617U 16040U   17010.81961214  .00001202  00000-0  56865-4 0  9990
2 41617  97.4843  74.8990 0009417 273.5862  86.4296 15.21292642 30740
FLOCK 2P-3              
1 41618U 16040V   17010.64800579  .00002602  00000-0  12011-3 0  9997
2 41618  97.4847  74.6696 0009577 273.9834  86.0307 15.21083623 30719
BEESAT-4                
1 41619U 16040W   17010.10615868  .00001838  00000-0  88305-4 0  9994
2 41619  97.4854  73.9050 0010759 258.6549 101.3477 15.20063627 18571
3CAT-2                  
1 41732U 16051B   17010.79391885  .00001665  00000-0  70831-4 0  9990
2 41732  97.3777 290.1639 0015863 104.4097 332.2531 15.24295374 22552
FLOCK 2E'-13            
1 41761U 98067KH  17010.68530942  .00010944  00000-0  15326-3 0  9993
2 41761  51.6453 101.6191 0007521  38.4928 114.3479 15.57331679 18334
FLOCK 2E'-14            
1 41762U 98067KJ  17010.47799427  .00009483  00000-0  13361-3 0  9999
2 41762  51.6445 102.6155 0007342  36.0442  55.6246 15.57355831 18305
FLOCK 2E'-16            
1 41763U 98067KK  17010.68383378  .00012596  00000-0  17407-3 0  9991
2 41763  51.6443 101.6085 0006934  46.4820 107.1085 15.57531606 18294
FLOCK 2E'-15            
1 41764U 98067KL  17010.68909748  .00009579  00000-0  13523-3 0  9999
2 41764  51.6439 101.6398 0007428  45.8351 109.8597 15.57287144 18290
FLOCK 2E'-18            
1 41769U 98067KM  17010.48126319  .00010223  00000-0  14343-3 0  9996
2 41769  51.6441 102.5922 0006423  63.8933  47.1745 15.57372851 18267
FLOCK 2E'-17            
1 41776U 98067KN  17010.67828456  .00008985  00000-0  12675-3 0  9994
2 41776  51.6435 101.5766 0006473  66.5863  85.1748 15.57405061 18287
FLOCK 2E'-19            
1 41777U 98067KP  17010.64229209  .00014035  00000-0  18671-3 0  9998
2 41777  51.6416 101.3436 0005914  56.5147  88.7121 15.58449150 18240
FLOCK 2E'-20            
1 41782U 98067KQ  17010.83854258  .00011972  00000-0  16250-3 0  9991
2 41782  51.6443 100.4906 0005946  60.7290  43.1663 15.58077564 18140
CANX-7                  
1 41788U 16059F   17010.77372894  .00000025  00000-0  14234-4 0  9990
2 41788  98.1905  73.7393 0028344 296.5852  63.2416 14.63658715 15567
ALSAT 1N                
1 41789U 16059G   17010.74936710  .00000106  00000-0  29583-4 0  9994
2 41789  98.1906  73.7733 0027111 290.4165  69.4122 14.63997145 15574
RAVAN                   
1 41849U 16067B   17010.65700995  .00000454  00000-0  45210-4 0  9995
2 41849  97.9649  86.0547 0009762 103.8261 256.4047 14.96619395  8949
2016-067C               
1 41850U 16067C   17010.66357154  .00000188  00000-0  21947-4 0  9998
2 41850  97.9649  86.0492 0010144 101.9624 258.2735 14.96416905  8944
2016-067D               
1 41851U 16067D   17010.19623327  .00000086  00000-0  12968-4 0  9995
2 41851  97.9652  85.5727 0010200 104.1291 256.1064 14.96390498  8874
AEROCUBE 8D             
1 41852U 16067E   17010.67860435  .00000729  00000-0  70258-4 0  9992
2 41852  97.9666  86.0359 0011280 102.2793 257.9691 14.96045957  8942
AEROCUBE 8C             
1 41853U 16067F   17010.14500319  .00000751  00000-0  72286-4 0  9995
2 41853  97.9666  85.4892 0011625 104.7922 255.4587 14.96008734  8862
PROMETHEUS 2-1          
1 41854U 16067G   17009.68211920  .00000991  00000-0  93995-4 0  9996
2 41854  97.9670  85.0052 0012023 105.9305 254.3241 14.95886386  8796
PROMETHEUS 2-3          
1 41855U 16067H   17010.41836630  .00000985  00000-0  93455-4 0  9995
2 41855  97.9670  85.7538 0012226 103.9155 256.3426 14.95877716  8906
LEMUR-2-XIAOQING        
1 41871U 16062C   17010.84554581  .00003287  00000-0  15950-3 0  9998
2 41871  51.6409 113.8241 0007712  51.3995  35.1131 15.21276053  6986
LEMUR-2-SOKOLSKY        
1 41872U 16062D   17010.65691227  .00003419  00000-0  16508-3 0  9994
2 41872  51.6399 114.7032 0007849  49.9057  89.6755 15.21320947  6940
LEMUR-2-ANUBHAVTHAKUR   
1 41873U 16062E   17010.72885624  .00001943  00000-0  10069-3 0  9995
2 41873  51.6418 114.4061 0007611  50.1553 104.8912 15.21127885  6945
LEMUR-2-WINGO           
1 41874U 16062F   17010.72745727  .00003197  00000-0  15571-3 0  9991
2 41874  51.6412 114.3934 0007606  49.8786 106.0111 15.21233752  6952
STARS-C                 
1 41895U 98067KR  17010.48601240  .00013345  00000-0  20218-3 0  9993
2 41895  51.6420 104.3501 0005953  89.0801 271.0871 15.54967041  3404
